1.997169 48.617523 48.003734 41.930278 26.307104 2.328071 0.249813 0.249221 0.249946 0.001631 80.158303 9.977119 5.601485 3.635657 3.645529 0.067265 0.176886 0.177480 0.920295 0.920984 -0.002122 0.001073 19.898665 39.965246 1.435999 0.001324 30.094887 20.039788 2.842846 17.278783 0.030751 0.101492 0.656211 0.916739 0.000048 -0.140468 -0.000007 0.000010 1
1.996089 48.624104 47.993385 41.958992 26.317996 2.328825 0.249985 0.253032 0.250043 -0.004182 80.052458 10.007665 5.631180 3.630909 3.612472 0.065316 0.175174 0.175791 0.918050 0.916761 -0.002668 0.000251 20.153170 37.634159 1.433116 0.001759 29.826583 20.119444 2.826913 16.898647 0.016245 0.101777 0.648157 0.918036 0.000038 -0.141287 0.000001 0.000003 1
2.013136 48.615912 47.994612 41.991075 26.353208 2.329237 0.249989 0.246980 0.250085 0.004560 79.816352 9.992031 5.675565 3.592263 3.590578 0.068092 0.174802 0.174689 0.913402 0.911325 0.000781 0.002989 20.012761 39.319640 1.430564 0.002792 30.181540 20.165560 2.831663 17.184209 0.009322 0.101872 0.631539 0.912657 0.000038 -0.140324 -0.000003 -0.000001 1
1.992547 48.624020 48.002569 41.979097 26.326073 2.327970 0.250039 0.250290 0.250068 0.000830 80.238605 9.983477 5.713048 3.557731 3.557132 0.053409 0.174206 0.172072 0.910551 0.908514 0.000235 -0.000247 20.103807 40.849801 1.430298 0.002060 29.772098 20.205717 2.825713 17.002629 0.033073 0.101894 0.621112 0.909659 0.000040 -0.140445 -0.000005 0.000006 1
2.009043 48.629425 48.015027 41.953269 26.331971 2.328068 0.250158 0.246336 0.250027 0.000114 80.171101 10.009861 5.732033 3.544133 3.552902 0.071342 0.170197 0.171909 0.908578 0.908286 -0.000407 0.002248 19.827715 40.603844 1.429825 0.001300 29.763840 19.976866 2.833626 17.077283 -0.015067 0.101614 0.615760 0.908183 0.000041 -0.140446 -0.000008 0.000006 1
1.996174 48.619321 47.997527 41.953074 26.330399 2.326788 0.249752 0.249427 0.249992 -0.001555 79.996536 9.994631 5.732803 3.543296 3.541279 0.067648 0.171600 0.174063 0.907653 0.911235 0.001463 -0.000518 19.878759 41.565901 1.428674 -0.000463 30.051094 20.041298 2.825250 17.375738 0.024208 0.101622 0.612937 0.907387 0.000028 -0.140906 0.000001 0.000005 1
2.013304 48.615757 48.011809 41.939608 26.322297 2.327911 0.250121 0.252434 0.249973 -0.000102 79.860364 10.012287 5.749077 3.547100 3.545581 0.076697 0.172098 0.171753 0.907491 0.907559 0.003554 -0.000856 20.058069 40.108656 1.430459 0.002199 30.181632 19.966848 2.845513 17.170010 0.045067 0.101581 0.611557 0.907004 0.000041 -0.140854 -0.000005 0.000000 1
2.015143 48.627671 47.996464 41.951087 26.328552 2.329125 0.249902 0.250831 0.249975 0.001047 80.007300 9.996072 5.721351 3.532729 3.550454 0.065141 0.172662 0.171903 0.907173 0.911048 0.000227 -0.001112 19.842473 40.159921 1.427901 0.001699 29.923435 20.197405 2.811904 17.216597 0.026616 0.101522 0.610799 0.906786 0.000024 -0.141234 -0.000006 0.000002 1
2.008890 48.612585 47.998682 41.936711 26.331414 2.326334 0.250066 0.250619 0.249985 -0.001876 80.034092 9.995305 5.745132 3.550982 3.542714 0.069771 0.171510 0.170503 0.906622 0.904072 -0.000515 0.002401 20.100485 38.821869 1.429454 0.002060 29.929451 20.074471 2.825287 17.305120 0.026309 0.101600 0.610444 0.906766 0.000034 -0.140971 0.000002 0.000009 1
2.001372 48.630815 47.991129 41.939392 26.339342 2.327018 0.250123 0.248053 0.250003 0.001255 79.982588 10.000003 5.751748 3.527702 3.545997 0.087092 0.171976 0.171046 0.906804 0.906180 0.005091 0.000054 19.933476 38.873908 1.429818 0.002086 29.798961 20.070414 2.829188 17.056319 0.029061 0.101712 0.610211 0.906722 0.000039 -0.140614 -0.000001 0.000007 1
2.000508 48.630139 47.990828 41.949049 26.344988 2.326328 0.249664 0.249803 0.250009 0.003950 79.974548 9.998018 5.738784 3.526856 3.531368 0.068072 0.172520 0.172564 0.906665 0.902730 0.001412 -0.002603 20.219149 41.584786 1.428494 0.001782 29.977378 19.974072 2.831089 17.094131 0.028190 0.101675 0.610016 0.906575 0.000035 -0.141469 -0.000002 0.000009 1
2.008030 48.612650 48.001877 41.956043 26.308317 2.328418 0.249881 0.252145 0.250006 -0.000435 79.812482 10.016329 5.734742 3.524199 3.524206 0.057978 0.171531 0.172089 0.906303 0.908410 0.005050 -0.001507 19.875943 40.144706 1.427289 -0.000023 30.131231 19.713059 2.835650 17.247180 0.030647 0.101714 0.609887 0.906559 0.000023 -0.140549 0.000001 0.000006 1
2.003726 48.642935 48.002180 41.945569 26.324539 2.329093 0.249782 0.248192 0.250004 -0.000008 80.492278 10.000843 5.760046 3.542385 3.519735 0.056971 0.173338 0.172051 0.906256 0.908255 0.002731 0.001068 20.048292 41.027938 1.428392 0.002279 30.149196 19.958567 2.829551 17.206492 0.024076 0.101760 0.609782 0.906455 0.000032 -0.141324 -0.000004 0.000007 1
1.995356 48.632191 48.009791 41.961379 26.295094 2.329981 0.249798 0.249576 0.249997 -0.003215 79.893482 10.007198 5.754125 3.546893 3.520664 0.088431 0.172281 0.173779 0.906421 0.902956 -0.000411 0.000842 20.064759 40.767680 1.429404 0.000514 30.002897 19.854894 2.842503 17.140132 0.018409 0.101601 0.609751 0.906504 0.000032 -0.141671 -0.000000 0.000006 1
2.008887 48.636647 48.001501 41.944206 26.325649 2.327165 0.249791 0.253476 0.249997 0.000106 80.199238 10.012885 5.751225 3.535490 3.544749 0.076371 0.171118 0.170688 0.905807 0.906789 0.001568 -0.000314 19.725842 41.193422 1.429973 0.000635 30.158323 19.929872 2.803744 17.200437 0.035565 0.101640 0.609796 0.906543 0.000020 -0.141492 -0.000002 0.000011 1
2.003595 48.623882 47.990844 41.960878 26.326990 2.325772 0.249711 0.248050 0.249996 -0.000897 80.030698 10.019629 5.740172 3.535477 3.537007 0.055926 0.172089 0.170540 0.906651 0.909110 -0.000915 -0.001486 19.884553 39.459790 1.429539 0.002090 30.257180 20.008207 2.799829 17.231954 0.010114 0.101686 0.609737 0.906609 0.000038 -0.140996 -0.000007 0.000006 1
2.004889 48.608622 47.997808 41.950150 26.340637 2.327830 0.249672 0.248775 0.249997 0.003685 80.093864 10.004628 5.755880 3.527641 3.545029 0.063865 0.171924 0.171566 0.907190 0.907232 0.000892 0.003214 20.108506 41.281318 1.428598 0.002530 29.919946 20.200019 2.828398 17.230009 0.008756 0.101551 0.609744 0.906505 0.000027 -0.140931 -0.000005 0.000008 1
2.000654 48.617880 47.992893 41.959637 26.333777 2.326340 0.249788 0.250379 0.250001 0.000972 80.031454 10.004883 5.740184 3.530078 3.537814 0.066620 0.171484 0.172372 0.906709 0.907761 -0.002815 -0.001266 19.946680 40.773135 1.429375 0.002024 29.920308 20.006017 2.833576 17.214234 0.016633 0.101576 0.609772 0.906464 0.000031 -0.141097 -0.000008 0.000009 1
1.986691 48.609273 47.999812 41.965692 26.319786 2.325967 0.250305 0.249114 0.249998 0.002654 80.059121 9.996852 5.736255 3.534284 3.526869 0.068435 0.170717 0.170654 0.906275 0.905033 -0.001084 -0.002243 20.140423 41.230480 1.429404 0.001459 29.860823 19.797150 2.827678 17.279847 0.014371 0.101656 0.609877 0.906457 0.000030 -0.141845 -0.000008 0.000002 1
2.000038 48.619725 48.005490 41.953387 26.316786 2.326795 0.250047 0.250752 0.249999 0.001782 79.659787 10.005142 5.733835 3.522289 3.540352 0.063383 0.171660 0.171370 0.906091 0.908465 -0.001776 0.002837 20.104323 40.785046 1.428705 0.001668 30.053851 20.061652 2.844761 17.140826 0.042825 0.101590 0.609866 0.906470 0.000034 -0.141902 -0.000006 0.000000 1
2.000574 48.629568 48.005774 41.955570 26.350360 2.327104 0.250078 0.253247 0.250001 -0.002985 80.018149 9.982131 5.742004 3.529393 3.514716 0.044815 0.171164 0.171056 0.906968 0.910856 -0.000217 0.004742 20.199091 40.002776 1.429803 0.002927 29.985265 19.813868 2.823254 16.952724 0.035686 0.101665 0.609875 0.906532 0.000026 -0.141723 -0.000002 0.000054 2_
1.979975 48.621947 48.008977 41.948022 26.328407 2.328064 0.250130 0.249137 0.250002 0.003263 79.885125 10.012642 5.733069 3.543022 3.537053 0.072441 0.170971 0.170539 0.906441 0.906167 0.001177 -0.001732 19.794677 41.199147 1.428630 0.003025 29.764129 19.983334 2.816207 17.299904 0.064616 0.101621 0.609849 0.906500 0.000035 -0.142095 -0.000001 0.000128 2_
2.014096 48.633853 47.997000 41.954404 26.310783 2.327169 0.250032 0.251407 0.249997 0.000355 80.296467 9.990218 5.741523 3.531953 3.545180 0.053403 0.172023 0.172498 0.905835 0.908284 -0.004585 0.003414 19.802830 40.111166 1.429876 0.001755 29.966799 19.980923 2.824252 17.465143 0.020241 0.101662 0.609779 0.906524 0.000015 -0.141371 -0.000003 0.000180 2_
1.988068 48.626860 48.018725 41.938814 26.338624 2.326114 0.250272 0.246854 0.249999 -0.001152 80.178282 10.008210 5.745197 3.531806 3.540876 0.062452 0.172217 0.172034 0.906467 0.904838 0.000459 -0.000232 20.150546 38.903562 1.427827 0.002067 30.022266 19.979959 2.808916 17.358730 0.022206 0.101613 0.609829 0.906472 0.000032 -0.141664 0.000005 0.000256 2_
1.992260 48.638024 48.013447 41.961252 26.327341 2.326714 0.250210 0.250577 0.249997 0.000298 80.111663 9.995272 5.751417 3.539219 3.535455 0.076558 0.172563 0.171751 0.906520 0.906697 -0.001454 -0.000616 20.071042 42.481343 1.427820 0.002334 30.163493 20.111596 2.841302 17.143098 0.062933 0.101598 0.609767 0.906467 0.000027 -0.141293 -0.000000 0.000312 2_
2.014149 48.629017 47.990685 41.956171 26.332946 2.328104 0.249651 0.248533 0.250001 0.002350 79.877440 10.014210 5.733298 3.522243 3.533768 0.072346 0.171170 0.168874 0.906283 0.906657 0.000076 0.000178 19.815037 38.336200 1.428571 0.001048 30.048788 20.107118 2.847340 17.230430 0.041826 0.101781 0.609874 0.906560 0.000024 -0.141476 -0.000006 0.000373 2_
2.012094 48.617626 47.998214 41.958978 26.333363 2.327777 0.249898 0.248204 0.249995 0.000319 79.936964 10.000148 5.746952 3.537501 3.539481 0.062762 0.170355 0.171695 0.906452 0.903849 -0.001066 -0.001749 19.905414 39.577210 1.429274 0.001612 30.053398 20.068516 2.815036 17.058771 0.010974 0.101622 0.609781 0.906479 0.000029 -0.141761 0.000000 0.000430 2_
2.009242 48.640204 48.019265 41.959455 26.327260 2.327628 0.249796 0.249746 0.249997 0.001533 79.702007 9.989730 5.734926 3.532882 3.527890 0.065647 0.170962 0.172024 0.906046 0.906238 0.001250 -0.000663 19.970243 40.048802 1.428922 0.002585 30.020759 19.845720 2.795424 17.135431 0.035974 0.101627 0.609772 0.906453 0.000022 -0.141703 0.000002 0.000509 2_
2.015581 48.636475 48.022675 41.966043 26.322431 2.328579 0.250494 0.247003 0.249995 -0.003724 80.152095 10.020697 5.748244 3.513992 3.526039 0.060358 0.171326 0.169520 0.907240 0.906704 -0.001569 0.000013 19.973611 42.389582 1.428485 0.001190 29.888928 19.919033 2.801819 17.195517 0.033093 0.101723 0.609819 0.906472 0.000016 -0.142833 -0.000010 0.000567 2_
2.013330 48.620148 47.985785 41.941710 26.335390 2.325761 0.249712 0.252608 0.250002 -0.001010 80.287658 10.011871 5.744341 3.540388 3.548012 0.083505 0.173911 0.171704 0.906300 0.903978 0.000822 -0.000132 19.996405 40.182307 1.428772 0.000358 29.936292 20.097048 2.786449 17.303677 0.012663 0.101704 0.609792 0.906430 0.000029 -0.142706 -0.000005 0.000621 2_
2.016186 48.622318 47.992000 41.947370 26.340008 2.327884 0.250238 0.248508 0.250000 -0.002879 80.112543 9.992331 5.733984 3.531663 3.533297 0.067617 0.171319 0.171157 0.906393 0.905049 0.001086 0.001130 19.809574 41.362664 1.429243 0.000758 29.917036 19.932692 2.860745 17.061597 0.033882 0.101599 0.609853 0.906425 0.000025 -0.142063 -0.000006 0.000689 2_
1.992100 48.640207 47.989860 41.948446 26.332984 2.327797 0.250159 0.247014 0.250000 0.001479 80.042863 9.992377 5.760084 3.523920 3.537530 0.063144 0.172096 0.170756 0.906752 0.903780 0.001007 0.000497 20.006611 39.046808 1.430680 0.002451 29.942103 20.134995 2.854960 17.188059 0.001206 0.101726 0.609832 0.906547 0.000026 -0.141566 -0.000007 0.000746 2_
1.992312 48.614081 48.004541 41.938242 26.308894 2.329243 0.250020 0.249983 0.249998 -0.002269 79.857250 9.973560 5.745080 3.535992 3.529289 0.078870 0.171534 0.171339 0.906538 0.907026 0.001895 -0.000765 20.189095 39.224404 1.429414 0.001268 29.685687 19.986332 2.857872 17.227117 0.017719 0.101576 0.609885 0.906519 0.000025 -0.142409 0.000001 0.000818 2_
1.979028 48.618683 47.995521 41.965785 26.333959 2.329234 0.249933 0.248463 0.250000 0.003867 79.969498 9.983112 5.728427 3.533873 3.537852 0.055763 0.170622 0.172030 0.907082 0.904073 0.001072 0.000361 19.732441 39.549592 1.427937 0.001568 30.097137 20.028652 2.804789 17.082199 0.026076 0.101641 0.609798 0.906578 0.000020 -0.142094 -0.000002 0.000885 2_
2.012965 48.617480 48.006033 41.967597 26.314829 2.329352 0.250229 0.251095 0.250002 -0.003164 80.136004 9.999997 5.733453 3.524295 3.527384 0.067999 0.170069 0.172865 0.906129 0.903543 -0.002137 -0.000714 20.110332 39.362763 1.430805 0.002232 30.345631 20.245209 2.821602 17.076582 0.025415 0.101772 0.609848 0.906483 0.000027 -0.142429 -0.000003 0.000939 2_
2.006062 48.637681 48.000681 41.923494 26.323087 2.328367 0.250256 0.251925 0.249998 0.001068 80.090262 9.980325 5.740502 3.527054 3.532766 0.068988 0.171007 0.168431 0.906773 0.904038 0.002929 0.000196 20.015640 38.913802 1.428995 0.000580 29.910903 20.083586 2.845381 17.177152 0.007638 0.101611 0.609803 0.906584 0.000017 -0.142958 -0.000003 0.000990 2_
2.014359 48.613987 47.996701 41.951634 26.337342 2.329082 0.250112 0.250612 0.250000 0.001036 79.887798 10.005935 5.750319 3.538411 3.512133 0.068804 0.171260 0.171609 0.906483 0.908414 0.001377 0.002083 20.051698 40.511075 1.428084 0.002188 30.007998 19.895754 2.803946 17.071689 0.040631 0.101648 0.609821 0.906543 0.000023 -0.141708 -0.000009 0.001060 2_
2.004546 48.628305 48.004025 41.964718 26.314225 2.327952 0.249827 0.247958 0.250001 0.002790 79.914170 9.987635 5.734750 3.534937 3.521362 0.062869 0.171147 0.171360 0.906366 0.909136 -0.001709 0.000902 20.055261 39.786734 1.430313 0.001162 30.012605 19.942086 2.805643 17.096541 0.025208 0.101662 0.609794 0.906560 0.000014 -0.143532 -0.000004 0.001122 2_
1.997548 48.613693 48.015331 41.968548 26.311915 2.326966 0.250044 0.249421 0.250001 -0.000266 79.801273 10.001877 5.739899 3.540408 3.539676 0.072352 0.171402 0.170740 0.906598 0.907598 0.002248 -0.002331 20.119612 40.494261 1.430672 0.002239 29.902016 19.962263 2.810523 17.016284 0.035038 0.101746 0.609732 0.906465 0.000021 -0.143443 -0.000009 0.001186 2_
2.006109 48.633007 48.005357 41.951036 26.329165 2.328416 0.250321 0.254274 0.249998 -0.001872 80.106490 10.013486 5.757107 3.524858 3.533619 0.057294 0.170535 0.171813 0.906056 0.907681 0.001144 0.000150 20.021420 40.451152 1.428185 0.001803 30.088217 20.108595 2.796003 17.139691 0.009196 0.101623 0.609841 0.906472 0.000024 -0.143039 -0.000007 0.001252 2_
2.008356 48.648692 47.994762 41.949511 26.323327 2.327743 0.250124 0.249235 0.250001 -0.001220 79.885428 10.004390 5.736857 3.534652 3.538113 0.057270 0.170652 0.172365 0.906802 0.906493 0.002110 0.000124 20.014483 39.356353 1.430476 0.001130 30.110559 20.221429 2.836801 16.930335 0.010071 0.101674 0.609880 0.906454 0.000020 -0.143023 -0.000004 0.001315 2_
2.005460 48.626437 47.987869 41.941245 26.328536 2.327179 0.249935 0.250195 0.249997 0.002629 79.751718 9.984648 5.736096 3.537238 3.536701 0.062458 0.171522 0.170532 0.906876 0.904504 0.004012 -0.001937 19.981035 40.367604 1.429944 0.003795 30.055516 20.127376 2.805437 17.101720 0.018840 0.101684 0.609828 0.906552 0.000025 -0.142851 -0.000000 0.001367 2_
2.000415 48.642245 48.002535 41.958869 26.331521 2.327525 0.250330 0.248026 0.249999 0.000980 79.850527 9.997416 5.743256 3.537857 3.543082 0.048995 0.172477 0.171089 0.906410 0.904397 -0.003202 -0.000978 19.939142 40.722786 1.429431 0.001797 30.006896 20.091979 2.830853 17.341830 0.001566 0.101688 0.609842 0.906491 0.000017 -0.144152 -0.000005 0.001434 2_
1.989314 48.639308 47.992279 41.953714 26.329476 2.327034 0.249896 0.251080 0.250000 -0.001034 79.853919 9.991532 5.737039 3.525009 3.546929 0.082745 0.170084 0.170831 0.906386 0.906906 0.002631 0.002957 19.903352 39.127860 1.428828 0.001306 30.169768 20.403624 2.839739 17.235382 0.035783 0.101685 0.609823 0.906536 0.000009 -0.143436 -0.000005 0.001487 2_
1.987605 48.623479 47.995667 41.948844 26.333180 2.328791 0.250084 0.254154 0.249999 -0.001971 80.122339 10.000089 5.761655 3.541704 3.522803 0.073567 0.171771 0.172436 0.906268 0.907028 0.002283 -0.000421 19.878261 42.321507 1.427641 0.002449 30.068087 20.010305 2.844111 17.331911 0.004552 0.101701 0.609863 0.906514 0.000010 -0.143508 -0.000010 0.001574 2_
2.000857 48.605622 47.995776 41.941710 26.324762 2.324997 0.250034 0.247476 0.249998 0.002105 79.982200 9.980983 5.729460 3.536013 3.540848 0.077407 0.172588 0.172460 0.906456 0.904329 0.004052 0.001047 19.652854 41.098167 1.429434 0.002239 29.949327 20.175734 2.807778 16.918529 0.032228 0.101677 0.609906 0.906494 0.000008 -0.143450 -0.000008 0.001628 2_
2.007148 48.610678 48.006473 41.953608 26.334835 2.327285 0.250204 0.249358 0.250000 0.001735 79.975851 9.982776 5.743763 3.537670 3.542520 0.064107 0.171412 0.171569 0.906233 0.907462 -0.000908 -0.000986 20.182597 41.336249 1.429422 0.001223 29.957928 19.991452 2.835340 17.219937 0.025538 0.101649 0.609775 0.906550 0.000003 -0.143330 -0.000001 0.001691 2_
2.014843 48.626006 47.992583 41.936227 26.342698 2.326687 0.250450 0.247603 0.249999 0.001596 80.073936 9.988465 5.756728 3.532359 3.527337 0.064435 0.171484 0.170473 0.906562 0.909667 0.000155 0.002061 20.156565 39.942136 1.428386 0.003901 29.992876 20.008404 2.836373 17.402314 0.000141 0.101681 0.609902 0.906485 0.000010 -0.142933 -0.000010 0.001749 2_
1.988204 48.636888 47.989086 41.958459 26.332104 2.326070 0.249921 0.249501 0.250002 0.000326 79.806597 9.995393 5.741430 3.533054 3.533547 0.065321 0.170156 0.170971 0.907161 0.906807 0.000217 -0.002326 19.951697 40.122344 1.429723 0.000132 29.956728 19.833568 2.835069 17.125999 0.033056 0.101630 0.609757 0.906496 0.000013 -0.143428 0.000000 0.001820 2_
2.013603 48.614934 48.004485 41.946072 26.330211 2.327617 0.249836 0.249511 0.249998 0.001730 79.838479 9.998299 5.735614 3.545231 3.525022 0.039328 0.171856 0.171523 0.906590 0.908477 0.000331 0.001482 19.878070 40.132048 1.427930 0.002575 29.806246 19.991254 2.827353 17.196470 0.027174 0.101755 0.609752 0.906493 0.000015 -0.143918 -0.000000 0.001873 2_
1.999812 48.628510 48.008590 41.940775 26.331643 2.328795 0.250196 0.251751 0.250000 -0.002100 80.151232 10.002215 5.741683 3.521493 3.531575 0.050327 0.169453 0.172248 0.906226 0.906292 0.002011 -0.001390 20.008804 38.413844 1.429228 0.002255 29.989318 19.884826 2.816593 17.338910 0.004345 0.101722 0.609892 0.906647 0.000011 -0.143937 0.000003 0.001941 2_
2.013754 48.606445 48.006959 41.960692 26.327617 2.326854 0.250197 0.249163 0.249997 0.000898 80.006988 10.019922 5.746718 3.529829 3.533395 0.077961 0.171482 0.169261 0.906833 0.908547 -0.000621 0.006116 20.002660 39.371833 1.429096 0.002753 30.161456 19.920021 2.828893 17.089146 0.039774 0.101656 0.609863 0.906505 0.000016 -0.143559 -0.000003 0.002008 2_
1.993067 48.650124 47.990726 41.952491 26.319456 2.326990 0.249941 0.250448 0.249999 -0.000868 79.964670 10.006221 5.726505 3.529442 3.536337 0.071796 0.171570 0.171180 0.906564 0.905355 0.001381 0.000743 20.054336 38.526832 1.430134 0.002246 29.847519 20.240890 2.802690 17.329271 0.034754 0.101675 0.609854 0.906582 0.000011 -0.143751 -0.000004 0.002062 2_
2.016577 48.624538 47.998781 41.955664 26.345060 2.329687 0.250040 0.254167 0.249997 -0.002005 79.804585 9.995641 5.752541 3.537553 3.536063 0.051579 0.170975 0.170384 0.906623 0.906020 -0.000338 0.002173 20.130036 39.476008 1.429512 0.003552 30.225439 19.797683 2.838248 17.109492 0.061740 0.101580 0.609863 0.906556 0.000010 -0.143186 -0.000001 0.002132 2_
2.013366 48.614922 47.999398 41.947924 26.326618 2.328163 0.250349 0.252194 0.249999 0.001670 80.308831 10.002223 5.717291 3.525784 3.520493 0.072009 0.172966 0.173187 0.906923 0.905732 0.001065 -0.001679 19.985388 39.368646 1.428420 0.001952 29.978851 19.964402 2.820459 16.836222 0.033031 0.101607 0.609909 0.906480 0.000009 -0.144171 -0.000003 0.002178 2_
2.007829 48.626165 48.008128 41.952322 26.327537 2.327282 0.249435 0.248729 0.249999 -0.002274 80.008596 10.000702 5.750353 3.536624 3.537522 0.060365 0.171750 0.172303 0.906650 0.910073 -0.000581 0.000866 19.991260 40.144314 1.431074 0.001647 29.935109 20.218202 2.807198 16.783180 0.013997 0.101666 0.609809 0.906601 0.000012 -0.144302 -0.000006 0.002250 2_
2.002136 48.622272 48.015516 41.947159 26.348508 2.327086 0.250129 0.252014 0.249999 0.003121 80.101961 10.000972 5.745901 3.543948 3.524549 0.068507 0.172428 0.171314 0.907285 0.904103 -0.001935 -0.004434 19.983169 40.179169 1.429647 0.001371 29.895247 19.864555 2.806770 17.208459 0.023029 0.101632 0.609842 0.906433 0.000005 -0.144867 -0.000001 0.002307 2_
2.006375 48.629027 48.001336 41.960342 26.346540 2.327788 0.250330 0.252349 0.249999 0.000946 80.188437 9.992783 5.757970 3.546449 3.540061 0.082716 0.171296 0.169923 0.906408 0.904082 -0.001199 -0.001305 20.174159 39.139329 1.430040 0.000917 30.231052 20.110106 2.808367 17.243579 0.000133 0.101630 0.609873 0.906481 0.000013 -0.144731 -0.000005 0.002371 2_
2.011668 48.632288 48.006708 41.959522 26.319019 2.327409 0.249794 0.252811 0.250000 -0.000239 80.013687 9.994148 5.748458 3.543196 3.547895 0.058125 0.170639 0.172691 0.905971 0.903970 -0.001033 -0.001437 19.814941 38.658796 1.428812 0.003812 30.006205 19.840964 2.820841 17.185149 0.027565 0.101662 0.609829 0.906453 0.000011 -0.144070 0.000001 0.002433 2_
2.009649 48.609997 47.998910 41.951084 26.323287 2.327785 0.250174 0.250758 0.250001 -0.000898 80.229884 9.996780 5.752193 3.526844 3.518932 0.073873 0.173309 0.170878 0.906464 0.907882 -0.001196 -0.001258 20.178225 41.859589 1.428443 0.002046 29.759963 19.839810 2.840998 17.105364 0.019135 0.101735 0.609904 0.906528 0.000001 -0.144045 0.000010 0.002492 2_
2.003243 48.630592 48.003696 41.963403 26.319882 2.330492 0.250154 0.251371 0.250000 0.003250 80.153091 10.002024 5.761962 3.538120 3.528462 0.078186 0.172119 0.170515 0.906561 0.910016 0.002097 -0.002219 19.831981 39.087179 1.428544 0.001645 29.902091 19.898549 2.863637 17.234110 0.001295 0.101673 0.609882 0.906481 0.000016 -0.144395 -0.000001 0.002543 2_
2.000038 48.622882 47.992804 41.959928 26.338553 2.327442 0.250163 0.248593 0.250000 -0.003339 79.893405 9.995427 5.758740 3.546933 3.528886 0.054457 0.171612 0.169158 0.906775 0.905086 0.000970 0.000282 19.977471 38.395315 1.429002 0.002305 29.994751 19.838202 2.797202 17.007874 0.007348 0.101659 0.609849 0.906508 0.000004 -0.143689 -0.000007 0.002613 2_
2.010090 48.631205 47.984639 41.950614 26.324664 2.328765 0.249853 0.249626 0.250001 -0.001569 80.116008 9.992960 5.750893 3.535459 3.526018 0.079813 0.172104 0.172659 0.906842 0.905908 -0.000725 0.002138 20.054679 39.495710 1.428934 0.001874 30.081024 19.991614 2.831394 16.904027 0.003394 0.101611 0.609883 0.906473 0.000006 -0.144507 0.000001 0.002683 2_
2.009644 48.638695 47.999990 41.958349 26.332175 2.327277 0.249818 0.250976 0.249999 -0.000730 80.092997 9.995901 5.731642 3.532237 3.539325 0.050283 0.170713 0.171562 0.906852 0.909401 0.001864 -0.003919 19.875072 38.662859 1.427662 0.000178 30.144553 20.018212 2.818391 17.156905 0.015689 0.101771 0.609828 0.906493 0.000001 -0.143998 -0.000012 0.002753 2_
2.012247 48.613967 48.006660 41.947117 26.319895 2.328203 0.249624 0.251311 0.249999 0.003096 80.157689 10.008456 5.755778 3.532383 3.537465 0.057661 0.170041 0.170783 0.906530 0.910878 -0.000166 -0.000657 19.906953 40.879132 1.428330 0.002405 29.895456 20.000517 2.852531 17.054695 0.041282 0.101578 0.609864 0.906620 0.000002 -0.144535 0.000004 0.002803 2_
2.003970 48.627986 48.004223 41.948439 26.326534 2.327306 0.249819 0.253625 0.249997 0.002129 79.629569 9.995632 5.727887 3.547103 3.522736 0.089861 0.171211 0.172200 0.906419 0.904727 0.000938 0.002372 20.277280 39.238799 1.429215 0.003302 30.078044 20.050656 2.831971 16.916819 0.050032 0.101599 0.609903 0.906537 0.000018 -0.144483 -0.000009 0.002879 2_
2.008596 48.618515 48.011246 41.958517 26.318274 2.326397 0.250011 0.245013 0.249995 0.001105 80.094530 9.995714 5.740492 3.529457 3.539962 0.081025 0.171251 0.171034 0.906299 0.904712 0.004337 0.002815 19.943863 40.114837 1.428814 -0.000155 29.989802 19.796782 2.843037 17.118416 0.055974 0.101694 0.609811 0.906570 0.000003 -0.145485 0.000001 0.002937 2_
1.998224 48.606489 48.014445 41.943373 26.332679 2.327708 0.250060 0.251683 0.250002 -0.001553 80.269972 9.994938 5.750617 3.530313 3.543949 0.053323 0.170446 0.171120 0.905665 0.905856 -0.002405 -0.001593 20.359128 40.724323 1.430345 0.002519 30.087815 20.351368 2.806917 17.175982 0.014457 0.101746 0.609919 0.906569 -0.000001 -0.144192 -0.000005 0.002997 2_
1.989115 48.632026 47.995504 41.948265 26.330955 2.328463 0.250004 0.250206 0.250001 -0.003187 79.984213 10.017855 5.749842 3.536799 3.549641 0.061218 0.173315 0.173240 0.906856 0.906583 -0.000419 0.001544 20.001226 39.592785 1.427699 0.001359 29.904586 20.103213 2.828193 17.447930 0.024547 0.101704 0.609834 0.906593 0.000011 -0.145974 0.000009 0.003056 2_
2.000612 48.624411 47.988463 41.961958 26.317323 2.327067 0.249703 0.248975 0.249994 0.001101 80.090140 10.010627 5.736875 3.532582 3.521288 0.063509 0.169140 0.172258 0.906639 0.904199 0.002827 0.000537 19.814255 38.700957 1.429103 0.002536 30.156563 19.860958 2.855067 17.105797 0.016938 0.101664 0.609843 0.906524 -0.000001 -0.144552 -0.000008 0.003124 2_
1.995365 48.610649 47.983586 41.942834 26.316266 2.328843 0.249945 0.251209 0.250002 -0.000376 79.922650 9.989257 5.742127 3.531883 3.529355 0.067748 0.169180 0.171139 0.906223 0.906459 -0.000439 0.000490 20.208634 39.658824 1.430525 0.002028 29.946001 19.843633 2.821131 17.445116 0.047981 0.101707 0.609811 0.906486 0.000007 -0.144751 -0.000004 0.003178 2_
2.006939 48.614085 47.985287 41.948004 26.324677 2.327204 0.249902 0.247423 0.249998 -0.001355 80.148999 9.995562 5.739377 3.540244 3.523138 0.068047 0.170817 0.173197 0.906331 0.906749 -0.002476 -0.001822 20.053341 39.391515 1.431025 0.001626 30.030120 20.074327 2.817238 17.358652 0.019992 0.101660 0.609866 0.906468 -0.000005 -0.144169 -0.000014 0.003245 2_
1.990005 48.614986 47.989792 41.947663 26.336039 2.326583 0.250229 0.248382 0.249999 -0.001939 80.039259 10.003939 5.744176 3.525867 3.509371 0.070943 0.170503 0.171247 0.906755 0.905469 0.002530 -0.000917 20.247208 41.324981 1.428534 0.001927 30.027368 19.774202 2.818138 17.098276 0.036265 0.101614 0.609810 0.906473 0.000003 -0.145776 0.000002 0.003309 2_
2.011588 48.624744 47.997146 41.960856 26.341119 2.326530 0.249793 0.248325 0.249998 -0.001364 79.847197 10.002587 5.750507 3.522333 3.556538 0.072797 0.169663 0.172388 0.906092 0.908024 -0.001399 0.001640 19.753923 39.447296 1.429452 0.003254 29.757375 19.929348 2.825021 17.109241 0.018795 0.101678 0.609851 0.906520 0.000012 -0.145276 -0.000005 0.003368 2_
2.002349 48.631150 47.989927 41.954118 26.323920 2.328211 0.250052 0.250073 0.250000 0.003629 79.949142 9.987548 5.748999 3.516515 3.527624 0.077534 0.171925 0.171389 0.906465 0.908148 0.001510 -0.003759 20.035016 39.972486 1.428889 0.003011 29.547800 20.193440 2.842738 17.183440 0.017326 0.101714 0.609854 0.906553 0.000002 -0.145024 0.000009 0.003431 2_
2.000898 48.620031 48.027286 41.943798 26.327929 2.326619 0.250152 0.249630 0.250002 0.001931 79.837022 9.998892 5.745676 3.550895 3.525800 0.068984 0.169918 0.172364 0.906505 0.909852 0.000528 0.000757 19.782660 38.849848 1.427064 0.001256 29.862025 19.837883 2.821031 17.034992 0.012087 0.101630 0.609901 0.906484 -0.000004 -0.144616 -0.000004 0.003489 2_
1.991645 48.617465 48.011641 41.965703 26.325647 2.328131 0.249859 0.247995 0.250002 -0.004011 79.934811 9.990125 5.744674 3.522024 3.535351 0.069978 0.172993 0.171776 0.906325 0.909170 0.000237 -0.000119 20.156234 40.444803 1.429071 0.002489 30.064308 19.901402 2.799642 16.933004 0.004984 0.101698 0.609890 0.906523 -0.000002 -0.146496 0.000002 0.003556 2_
2.007021 48.629863 47.987044 41.948864 26.316081 2.328198 0.250003 0.252672 0.250001 0.001364 79.972426 10.006271 5.738779 3.526942 3.548962 0.076563 0.170083 0.169835 0.906588 0.905841 -0.000342 -0.000023 19.970757 39.989092 1.428672 0.002613 30.155776 20.132997 2.852106 17.249642 0.001612 0.101621 0.609853 0.906535 0.000003 -0.144969 -0.000007 0.003618 2_
2.028399 48.602211 47.985534 41.954264 26.309487 2.327350 0.250009 0.249815 0.249998 0.003258 79.767827 9.990243 5.739852 3.530824 3.526398 0.041847 0.173429 0.173363 0.906644 0.905322 -0.001624 0.000712 20.051801 41.411635 1.430839 0.001642 29.965711 20.034596 2.827466 16.802341 0.017189 0.101788 0.609763 0.906643 -0.000003 -0.145581 -0.000001 0.003675 2_
2.007974 48.616359 47.990267 41.945765 26.355821 2.328418 0.250353 0.247301 0.249997 0.002908 79.932427 10.010648 5.736284 3.534969 3.534219 0.077367 0.172374 0.172561 0.906312 0.905788 -0.003988 0.004689 20.062747 41.076370 1.430881 0.002912 30.168263 19.989187 2.857950 17.226985 0.014847 0.101678 0.609893 0.906601 0.000004 -0.146357 0.000001 0.003743 2_
1.994557 48.611471 48.006495 41.950777 26.324674 2.327984 0.249789 0.253106 0.249998 -0.001529 79.957705 10.004878 5.730936 3.527519 3.536578 0.061348 0.170593 0.171585 0.905978 0.907402 0.000775 -0.000710 20.044231 39.399221 1.429858 0.001703 29.975843 20.196317 2.842608 17.363303 0.042593 0.101637 0.609810 0.906556 -0.000004 -0.146152 -0.000001 0.003803 2_
1.989262 48.633406 48.003595 41.973006 26.341454 2.330201 0.250202 0.246385 0.249999 0.003507 80.085284 10.003450 5.745203 3.539188 3.527478 0.080158 0.171430 0.173292 0.906912 0.906489 -0.001199 0.001025 20.032368 39.369440 1.430623 0.003681 30.042477 19.822067 2.854132 17.230166 0.018279 0.101671 0.609938 0.906541 -0.000006 -0.144541 -0.000000 0.003860 2_
2.000981 48.616830 47.993610 41.933877 26.320744 2.328374 0.250169 0.250583 0.249996 0.001555 80.091488 10.005234 5.731938 3.539636 3.540631 0.060675 0.171835 0.171843 0.906192 0.908273 -0.002311 0.002573 20.000702 38.922016 1.429542 0.001106 29.777305 20.018815 2.839560 17.099051 0.000607 0.101631 0.609796 0.906574 0.000008 -0.146288 -0.000012 0.003927 2_
1.992115 48.626847 47.999660 41.963568 26.331976 2.328836 0.250016 0.252354 0.250000 0.000393 79.824520 10.003033 5.728707 3.507005 3.549187 0.060014 0.172355 0.171467 0.906286 0.902823 -0.001222 -0.002883 20.242504 41.161137 1.427892 0.001494 30.197046 20.074758 2.762754 17.436507 0.011416 0.101704 0.609824 0.906595 0.000003 -0.145785 -0.000007 0.003978 2_
1.976011 48.627457 47.979684 41.951323 26.307455 2.328597 0.250049 0.248394 0.249998 0.000046 79.988067 9.992673 5.738972 3.535419 3.539658 0.071225 0.173120 0.170322 0.906489 0.906419 -0.003628 0.002033 20.145363 39.166853 1.431547 0.000366 29.844844 20.100804 2.831608 16.868213 0.016717 0.101703 0.609869 0.906524 -0.000006 -0.145471 -0.000003 0.004053 2_
2.009598 48.610810 48.008294 41.942590 26.310964 2.328227 0.250032 0.251161 0.249998 -0.001410 79.914454 10.005447 5.749489 3.543663 3.520688 0.057595 0.171972 0.171671 0.906881 0.907689 -0.001278 0.002754 20.261121 38.062498 1.428652 0.000507 30.206286 20.310227 2.815180 17.139313 0.013947 0.101691 0.609888 0.906493 -0.000007 -0.146606 -0.000006 0.004104 2_
1.993753 48.628536 48.000656 41.948659 26.306786 2.327736 0.249927 0.249027 0.249999 -0.002312 79.973180 9.988585 5.749090 3.538289 3.527745 0.082776 0.173316 0.171243 0.906488 0.906441 0.000637 0.005146 19.534260 40.751729 1.430789 0.003016 30.039748 19.832284 2.858137 17.174946 0.036868 0.101715 0.609828 0.906446 -0.000012 -0.145939 0.000002 0.004171 2_
1.986411 48.628618 48.012685 41.965351 26.329920 2.327402 0.250018 0.252912 0.249997 0.002772 79.696225 10.005321 5.741381 3.519815 3.509703 0.072339 0.168926 0.173801 0.906542 0.907100 0.000217 0.000892 20.181894 38.154901 1.428836 0.001817 29.943485 20.101609 2.827086 17.029021 0.039288 0.101660 0.609828 0.906513 -0.000011 -0.145229 -0.000005 0.004243 2_
2.002505 48.615397 47.987673 41.957830 26.320715 2.327744 0.250154 0.251420 0.250003 0.000605 80.116632 9.989600 5.762885 3.542326 3.538416 0.066086 0.171329 0.171864 0.906840 0.905878 -0.000839 0.001118 19.970457 39.681609 1.428475 0.002018 29.983267 19.941937 2.828492 17.165184 0.018477 0.101728 0.609887 0.906613 -0.000001 -0.146308 -0.000003 0.004295 2_
2.007654 48.616315 47.995637 41.951292 26.320759 2.327389 0.249866 0.251890 0.250000 0.002685 79.966092 9.993848 5.741489 3.527426 3.526446 0.052497 0.170780 0.171449 0.906890 0.904595 -0.001769 0.000956 19.852792 40.215614 1.429106 0.000571 29.999493 20.035919 2.819222 17.068344 0.025559 0.101671 0.609829 0.906548 -0.000008 -0.146547 0.000001 0.004365 2_
2.001118 48.624155 47.971950 41.955556 26.336805 2.327070 0.249951 0.246435 0.250000 0.003885 80.273205 9.998073 5.755171 3.525550 3.525531 0.075626 0.171996 0.169877 0.906143 0.908975 -0.002758 0.000810 19.847655 39.450016 1.430062 0.003490 30.191314 20.066868 2.802178 17.251819 0.034697 0.101702 0.609891 0.906591 -0.000008 -0.146071 -0.000003 0.004427 2_
1.999809 48.632741 47.993737 41.949695 26.323776 2.328317 0.249795 0.248820 0.250001 -0.003613 80.222168 9.997076 5.751779 3.510887 3.534161 0.065710 0.171073 0.172186 0.906194 0.904644 -0.002318 0.002622 19.913242 41.729386 1.429299 0.000647 30.095235 20.186365 2.801360 17.159926 0.016751 0.101699 0.609789 0.906456 -0.000006 -0.146089 -0.000001 0.004480 2_
2.002750 48.635640 47.997561 41.972347 26.345826 2.328453 0.250133 0.250263 0.250001 0.001277 79.872068 10.005861 5.730619 3.532746 3.540965 0.053644 0.171692 0.172251 0.906450 0.900965 -0.001990 0.000717 20.109065 41.082278 1.428770 0.003721 29.980596 19.953259 2.822932 17.059114 0.032486 0.101694 0.609898 0.906507 -0.000013 -0.146228 -0.000009 0.004556 2_
2.000340 48.621151 47.996872 41.955614 26.332005 2.327149 0.250053 0.249530 0.249997 -0.001435 79.808886 9.991010 5.755628 3.525290 3.521401 0.068497 0.169491 0.171764 0.906234 0.907523 -0.002060 -0.001133 20.074606 41.633085 1.430136 0.001731 30.080842 20.266942 2.814591 17.288908 0.022868 0.101776 0.609907 0.906550 -0.000005 -0.146721 0.000004 0.004612 2_
1.993139 48.619044 48.006755 41.954618 26.309542 2.328262 0.250219 0.251543 0.250002 -0.001433 79.843066 9.986589 5.739396 3.525842 3.537876 0.052346 0.171707 0.170857 0.906399 0.908768 -0.000507 -0.002200 19.831299 39.273299 1.429283 0.001869 30.116174 20.057600 2.811607 17.109909 0.009086 0.101651 0.609795 0.906591 -0.000007 -0.145536 -0.000004 0.004665 2_
2.003244 48.607041 47.990465 41.949288 26.341045 2.328439 0.249937 0.252593 0.249997 -0.000275 79.875642 10.002586 5.730851 3.548148 3.517104 0.064810 0.171348 0.171583 0.906788 0.907051 -0.000792 0.000073 19.964795 41.080336 1.428538 0.001960 30.151783 20.198522 2.831499 17.217139 0.016099 0.101658 0.609833 0.906512 -0.000010 -0.146619 -0.000003 0.004728 2_
2.013176 48.605633 47.986869 41.941065 26.318611 2.327365 0.250048 0.249432 0.249997 0.000345 79.885587 10.004618 5.735310 3.540630 3.541771 0.068652 0.172872 0.170943 0.906547 0.908420 -0.000266 0.000236 19.566748 39.538277 1.428437 0.001086 30.082227 20.128997 2.849905 17.246373 0.017605 0.101722 0.609863 0.906455 -0.000016 -0.146561 -0.000008 0.004797 2_
1.997345 48.628670 48.002397 41.955155 26.348753 2.327550 0.249956 0.247895 0.250002 -0.000464 80.092281 9.988429 5.732406 3.527567 3.546152 0.058597 0.171765 0.170334 0.906803 0.904747 -0.001101 -0.000804 19.983011 39.428822 1.430093 0.002609 29.823778 19.677179 2.848063 16.990212 0.054851 0.101684 0.609789 0.906589 -0.000007 -0.147056 -0.000005 0.004867 2_
2.013137 48.604253 47.993200 41.954562 26.320309 2.328037 0.250146 0.250021 0.250000 0.000370 80.065525 9.996159 5.739349 3.544239 3.532405 0.068996 0.171870 0.172044 0.906710 0.907636 0.002858 -0.001975 19.775054 41.122076 1.429096 0.000627 29.948860 19.905417 2.828245 17.023880 0.014419 0.101795 0.609875 0.906535 -0.000005 -0.146248 -0.000005 0.004921 2_
1.988760 48.633370 47.998506 41.959395 26.335722 2.326992 0.249960 0.249293 0.249997 -0.002665 79.895786 10.007253 5.735954 3.535094 3.546685 0.068721 0.171852 0.169699 0.906318 0.905003 -0.001677 -0.000228 19.978119 40.758640 1.428855 0.002047 30.088709 19.680239 2.803562 17.133058 0.016851 0.101599 0.609866 0.906515 -0.000013 -0.146394 -0.000003 0.004986 2_
