20.039788 0.249813 30.094887 1.997169 2.842846 17.278783 80.158303 0.920295 0.249946 19.898665 9.977119 0.101492 0.656211 0.916739 0.000048 -0.140468 -0.000007 0.000010 1
20.119444 0.249985 29.826583 1.996089 2.826913 16.898647 80.052458 0.918050 0.250043 20.153170 10.007665 0.101777 0.648157 0.918036 0.000038 -0.141287 0.000001 0.000003 1
20.165560 0.249989 30.181540 2.013136 2.831663 17.184209 79.816352 0.913402 0.250085 20.012761 9.992031 0.101872 0.631539 0.912657 0.000038 -0.140324 -0.000003 -0.000001 1
20.205717 0.250039 29.772098 1.992547 2.825713 17.002629 80.238605 0.910551 0.250068 20.103807 9.983477 0.101894 0.621112 0.909659 0.000040 -0.140445 -0.000005 0.000006 1
19.976866 0.250158 29.763840 2.009043 2.833626 17.077283 80.171101 0.908578 0.250027 19.827715 10.009861 0.101614 0.615760 0.908183 0.000041 -0.140446 -0.000008 0.000006 1
20.041298 0.249752 30.051094 1.996174 2.825250 17.375738 79.996536 0.907653 0.249992 19.878759 9.994631 0.101622 0.612937 0.907387 0.000028 -0.140906 0.000001 0.000005 1
19.966848 0.250121 30.181632 2.013304 2.845513 17.170010 79.860364 0.907491 0.249973 20.058069 10.012287 0.101581 0.611557 0.907004 0.000041 -0.140854 -0.000005 0.000000 1
20.197405 0.249902 29.923435 2.015143 2.811904 17.216597 80.007300 0.907173 0.249975 19.842473 9.996072 0.101522 0.610799 0.906786 0.000024 -0.141234 -0.000006 0.000002 1
20.074471 0.250066 29.929451 2.008890 2.825287 17.305120 80.034092 0.906622 0.249985 20.100485 9.995305 0.101600 0.610444 0.906766 0.000034 -0.140971 0.000002 0.000009 1
20.070414 0.250123 29.798961 2.001372 2.829188 17.056319 79.982588 0.906804 0.250003 19.933476 10.000003 0.101712 0.610211 0.906722 0.000039 -0.140614 -0.000001 0.000007 1
19.974072 0.249664 29.977378 2.000508 2.831089 17.094131 79.974548 0.906665 0.250009 20.219149 9.998018 0.101675 0.610016 0.906575 0.000035 -0.141469 -0.000002 0.000009 1
19.713059 0.249881 30.131231 2.008030 2.835650 17.247180 79.812482 0.906303 0.250006 19.875943 10.016329 0.101714 0.609887 0.906559 0.000023 -0.140549 0.000001 0.000006 1
19.958567 0.249782 30.149196 2.003726 2.829551 17.206492 80.492278 0.906256 0.250004 20.048292 10.000843 0.101760 0.609782 0.906455 0.000032 -0.141324 -0.000004 0.000007 1
19.854894 0.249798 30.002897 1.995356 2.842503 17.140132 79.893482 0.906421 0.249997 20.064759 10.007198 0.101601 0.609751 0.906504 0.000032 -0.141671 -0.000000 0.000006 1
19.929872 0.249791 30.158323 2.008887 2.803744 17.200437 80.199238 0.905807 0.249997 19.725842 10.012885 0.101640 0.609796 0.906543 0.000020 -0.141492 -0.000002 0.000011 1
20.008207 0.249711 30.257180 2.003595 2.799829 17.231954 80.030698 0.906651 0.249996 19.884553 10.019629 0.101686 0.609737 0.906609 0.000038 -0.140996 -0.000007 0.000006 1
20.200019 0.249672 29.919946 2.004889 2.828398 17.230009 80.093864 0.907190 0.249997 20.108506 10.004628 0.101551 0.609744 0.906505 0.000027 -0.140931 -0.000005 0.000008 1
20.006017 0.249788 29.920308 2.000654 2.833576 17.214234 80.031454 0.906709 0.250001 19.946680 10.004883 0.101576 0.609772 0.906464 0.000031 -0.141097 -0.000008 0.000009 1
19.797150 0.250305 29.860823 1.986691 2.827678 17.279847 80.059121 0.906275 0.249998 20.140423 9.996852 0.101656 0.609877 0.906457 0.000030 -0.141845 -0.000008 0.000002 1
20.061652 0.250047 30.053851 2.000038 2.844761 17.140826 79.659787 0.906091 0.249999 20.104323 10.005142 0.101590 0.609866 0.906470 0.000034 -0.141902 -0.000006 0.000000 1
19.813868 0.250078 29.985265 2.000574 2.823254 16.952724 80.018149 0.906968 0.250001 20.199091 9.982131 0.101665 0.609875 0.906532 0.000026 -0.141723 -0.000002 0.000054 2_
19.983334 0.250130 29.764129 1.979975 2.816207 17.299904 79.885125 0.906441 0.250002 19.794677 10.012642 0.101621 0.609849 0.906500 0.000035 -0.142095 -0.000001 0.000128 2_
19.980923 0.250032 29.966799 2.014096 2.824252 17.465143 80.296467 0.905835 0.249997 19.802830 9.990218 0.101662 0.609779 0.906524 0.000015 -0.141371 -0.000003 0.000180 2_
19.979959 0.250272 30.022266 1.988068 2.808916 17.358730 80.178282 0.906467 0.249999 20.150546 10.008210 0.101613 0.609829 0.906472 0.000032 -0.141664 0.000005 0.000256 2_
20.111596 0.250210 30.163493 1.992260 2.841302 17.143098 80.111663 0.906520 0.249997 20.071042 9.995272 0.101598 0.609767 0.906467 0.000027 -0.141293 -0.000000 0.000312 2_
20.107118 0.249651 30.048788 2.014149 2.847340 17.230430 79.877440 0.906283 0.250001 19.815037 10.014210 0.101781 0.609874 0.906560 0.000024 -0.141476 -0.000006 0.000373 2_
20.068516 0.249898 30.053398 2.012094 2.815036 17.058771 79.936964 0.906452 0.249995 19.905414 10.000148 0.101622 0.609781 0.906479 0.000029 -0.141761 0.000000 0.000430 2_
19.845720 0.249796 30.020759 2.009242 2.795424 17.135431 79.702007 0.906046 0.249997 19.970243 9.989730 0.101627 0.609772 0.906453 0.000022 -0.141703 0.000002 0.000509 2_
19.919033 0.250494 29.888928 2.015581 2.801819 17.195517 80.152095 0.907240 0.249995 19.973611 10.020697 0.101723 0.609819 0.906472 0.000016 -0.142833 -0.000010 0.000567 2_
20.097048 0.249712 29.936292 2.013330 2.786449 17.303677 80.287658 0.906300 0.250002 19.996405 10.011871 0.101704 0.609792 0.906430 0.000029 -0.142706 -0.000005 0.000621 2_
19.932692 0.250238 29.917036 2.016186 2.860745 17.061597 80.112543 0.906393 0.250000 19.809574 9.992331 0.101599 0.609853 0.906425 0.000025 -0.142063 -0.000006 0.000689 2_
20.134995 0.250159 29.942103 1.992100 2.854960 17.188059 80.042863 0.906752 0.250000 20.006611 9.992377 0.101726 0.609832 0.906547 0.000026 -0.141566 -0.000007 0.000746 2_
19.986332 0.250020 29.685687 1.992312 2.857872 17.227117 79.857250 0.906538 0.249998 20.189095 9.973560 0.101576 0.609885 0.906519 0.000025 -0.142409 0.000001 0.000818 2_
20.028652 0.249933 30.097137 1.979028 2.804789 17.082199 79.969498 0.907082 0.250000 19.732441 9.983112 0.101641 0.609798 0.906578 0.000020 -0.142094 -0.000002 0.000885 2_
20.245209 0.250229 30.345631 2.012965 2.821602 17.076582 80.136004 0.906129 0.250002 20.110332 9.999997 0.101772 0.609848 0.906483 0.000027 -0.142429 -0.000003 0.000939 2_
20.083586 0.250256 29.910903 2.006062 2.845381 17.177152 80.090262 0.906773 0.249998 20.015640 9.980325 0.101611 0.609803 0.906584 0.000017 -0.142958 -0.000003 0.000990 2_
19.895754 0.250112 30.007998 2.014359 2.803946 17.071689 79.887798 0.906483 0.250000 20.051698 10.005935 0.101648 0.609821 0.906543 0.000023 -0.141708 -0.000009 0.001060 2_
19.942086 0.249827 30.012605 2.004546 2.805643 17.096541 79.914170 0.906366 0.250001 20.055261 9.987635 0.101662 0.609794 0.906560 0.000014 -0.143532 -0.000004 0.001122 2_
19.962263 0.250044 29.902016 1.997548 2.810523 17.016284 79.801273 0.906598 0.250001 20.119612 10.001877 0.101746 0.609732 0.906465 0.000021 -0.143443 -0.000009 0.001186 2_
20.108595 0.250321 30.088217 2.006109 2.796003 17.139691 80.106490 0.906056 0.249998 20.021420 10.013486 0.101623 0.609841 0.906472 0.000024 -0.143039 -0.000007 0.001252 2_
20.221429 0.250124 30.110559 2.008356 2.836801 16.930335 79.885428 0.906802 0.250001 20.014483 10.004390 0.101674 0.609880 0.906454 0.000020 -0.143023 -0.000004 0.001315 2_
20.127376 0.249935 30.055516 2.005460 2.805437 17.101720 79.751718 0.906876 0.249997 19.981035 9.984648 0.101684 0.609828 0.906552 0.000025 -0.142851 -0.000000 0.001367 2_
20.091979 0.250330 30.006896 2.000415 2.830853 17.341830 79.850527 0.906410 0.249999 19.939142 9.997416 0.101688 0.609842 0.906491 0.000017 -0.144152 -0.000005 0.001434 2_
20.403624 0.249896 30.169768 1.989314 2.839739 17.235382 79.853919 0.906386 0.250000 19.903352 9.991532 0.101685 0.609823 0.906536 0.000009 -0.143436 -0.000005 0.001487 2_
20.010305 0.250084 30.068087 1.987605 2.844111 17.331911 80.122339 0.906268 0.249999 19.878261 10.000089 0.101701 0.609863 0.906514 0.000010 -0.143508 -0.000010 0.001574 2_
20.175734 0.250034 29.949327 2.000857 2.807778 16.918529 79.982200 0.906456 0.249998 19.652854 9.980983 0.101677 0.609906 0.906494 0.000008 -0.143450 -0.000008 0.001628 2_
19.991452 0.250204 29.957928 2.007148 2.835340 17.219937 79.975851 0.906233 0.250000 20.182597 9.982776 0.101649 0.609775 0.906550 0.000003 -0.143330 -0.000001 0.001691 2_
20.008404 0.250450 29.992876 2.014843 2.836373 17.402314 80.073936 0.906562 0.249999 20.156565 9.988465 0.101681 0.609902 0.906485 0.000010 -0.142933 -0.000010 0.001749 2_
19.833568 0.249921 29.956728 1.988204 2.835069 17.125999 79.806597 0.907161 0.250002 19.951697 9.995393 0.101630 0.609757 0.906496 0.000013 -0.143428 0.000000 0.001820 2_
19.991254 0.249836 29.806246 2.013603 2.827353 17.196470 79.838479 0.906590 0.249998 19.878070 9.998299 0.101755 0.609752 0.906493 0.000015 -0.143918 -0.000000 0.001873 2_
19.884826 0.250196 29.989318 1.999812 2.816593 17.338910 80.151232 0.906226 0.250000 20.008804 10.002215 0.101722 0.609892 0.906647 0.000011 -0.143937 0.000003 0.001941 2_
19.920021 0.250197 30.161456 2.013754 2.828893 17.089146 80.006988 0.906833 0.249997 20.002660 10.019922 0.101656 0.609863 0.906505 0.000016 -0.143559 -0.000003 0.002008 2_
20.240890 0.249941 29.847519 1.993067 2.802690 17.329271 79.964670 0.906564 0.249999 20.054336 10.006221 0.101675 0.609854 0.906582 0.000011 -0.143751 -0.000004 0.002062 2_
19.797683 0.250040 30.225439 2.016577 2.838248 17.109492 79.804585 0.906623 0.249997 20.130036 9.995641 0.101580 0.609863 0.906556 0.000010 -0.143186 -0.000001 0.002132 2_
19.964402 0.250349 29.978851 2.013366 2.820459 16.836222 80.308831 0.906923 0.249999 19.985388 10.002223 0.101607 0.609909 0.906480 0.000009 -0.144171 -0.000003 0.002178 2_
20.218202 0.249435 29.935109 2.007829 2.807198 16.783180 80.008596 0.906650 0.249999 19.991260 10.000702 0.101666 0.609809 0.906601 0.000012 -0.144302 -0.000006 0.002250 2_
19.864555 0.250129 29.895247 2.002136 2.806770 17.208459 80.101961 0.907285 0.249999 19.983169 10.000972 0.101632 0.609842 0.906433 0.000005 -0.144867 -0.000001 0.002307 2_
20.110106 0.250330 30.231052 2.006375 2.808367 17.243579 80.188437 0.906408 0.249999 20.174159 9.992783 0.101630 0.609873 0.906481 0.000013 -0.144731 -0.000005 0.002371 2_
19.840964 0.249794 30.006205 2.011668 2.820841 17.185149 80.013687 0.905971 0.250000 19.814941 9.994148 0.101662 0.609829 0.906453 0.000011 -0.144070 0.000001 0.002433 2_
19.839810 0.250174 29.759963 2.009649 2.840998 17.105364 80.229884 0.906464 0.250001 20.178225 9.996780 0.101735 0.609904 0.906528 0.000001 -0.144045 0.000010 0.002492 2_
19.898549 0.250154 29.902091 2.003243 2.863637 17.234110 80.153091 0.906561 0.250000 19.831981 10.002024 0.101673 0.609882 0.906481 0.000016 -0.144395 -0.000001 0.002543 2_
19.838202 0.250163 29.994751 2.000038 2.797202 17.007874 79.893405 0.906775 0.250000 19.977471 9.995427 0.101659 0.609849 0.906508 0.000004 -0.143689 -0.000007 0.002613 2_
19.991614 0.249853 30.081024 2.010090 2.831394 16.904027 80.116008 0.906842 0.250001 20.054679 9.992960 0.101611 0.609883 0.906473 0.000006 -0.144507 0.000001 0.002683 2_
20.018212 0.249818 30.144553 2.009644 2.818391 17.156905 80.092997 0.906852 0.249999 19.875072 9.995901 0.101771 0.609828 0.906493 0.000001 -0.143998 -0.000012 0.002753 2_
20.000517 0.249624 29.895456 2.012247 2.852531 17.054695 80.157689 0.906530 0.249999 19.906953 10.008456 0.101578 0.609864 0.906620 0.000002 -0.144535 0.000004 0.002803 2_
20.050656 0.249819 30.078044 2.003970 2.831971 16.916819 79.629569 0.906419 0.249997 20.277280 9.995632 0.101599 0.609903 0.906537 0.000018 -0.144483 -0.000009 0.002879 2_
19.796782 0.250011 29.989802 2.008596 2.843037 17.118416 80.094530 0.906299 0.249995 19.943863 9.995714 0.101694 0.609811 0.906570 0.000003 -0.145485 0.000001 0.002937 2_
20.351368 0.250060 30.087815 1.998224 2.806917 17.175982 80.269972 0.905665 0.250002 20.359128 9.994938 0.101746 0.609919 0.906569 -0.000001 -0.144192 -0.000005 0.002997 2_
20.103213 0.250004 29.904586 1.989115 2.828193 17.447930 79.984213 0.906856 0.250001 20.001226 10.017855 0.101704 0.609834 0.906593 0.000011 -0.145974 0.000009 0.003056 2_
19.860958 0.249703 30.156563 2.000612 2.855067 17.105797 80.090140 0.906639 0.249994 19.814255 10.010627 0.101664 0.609843 0.906524 -0.000001 -0.144552 -0.000008 0.003124 2_
19.843633 0.249945 29.946001 1.995365 2.821131 17.445116 79.922650 0.906223 0.250002 20.208634 9.989257 0.101707 0.609811 0.906486 0.000007 -0.144751 -0.000004 0.003178 2_
20.074327 0.249902 30.030120 2.006939 2.817238 17.358652 80.148999 0.906331 0.249998 20.053341 9.995562 0.101660 0.609866 0.906468 -0.000005 -0.144169 -0.000014 0.003245 2_
19.774202 0.250229 30.027368 1.990005 2.818138 17.098276 80.039259 0.906755 0.249999 20.247208 10.003939 0.101614 0.609810 0.906473 0.000003 -0.145776 0.000002 0.003309 2_
19.929348 0.249793 29.757375 2.011588 2.825021 17.109241 79.847197 0.906092 0.249998 19.753923 10.002587 0.101678 0.609851 0.906520 0.000012 -0.145276 -0.000005 0.003368 2_
20.193440 0.250052 29.547800 2.002349 2.842738 17.183440 79.949142 0.906465 0.250000 20.035016 9.987548 0.101714 0.609854 0.906553 0.000002 -0.145024 0.000009 0.003431 2_
19.837883 0.250152 29.862025 2.000898 2.821031 17.034992 79.837022 0.906505 0.250002 19.782660 9.998892 0.101630 0.609901 0.906484 -0.000004 -0.144616 -0.000004 0.003489 2_
19.901402 0.249859 30.064308 1.991645 2.799642 16.933004 79.934811 0.906325 0.250002 20.156234 9.990125 0.101698 0.609890 0.906523 -0.000002 -0.146496 0.000002 0.003556 2_
20.132997 0.250003 30.155776 2.007021 2.852106 17.249642 79.972426 0.906588 0.250001 19.970757 10.006271 0.101621 0.609853 0.906535 0.000003 -0.144969 -0.000007 0.003618 2_
20.034596 0.250009 29.965711 2.028399 2.827466 16.802341 79.767827 0.906644 0.249998 20.051801 9.990243 0.101788 0.609763 0.906643 -0.000003 -0.145581 -0.000001 0.003675 2_
19.989187 0.250353 30.168263 2.007974 2.857950 17.226985 79.932427 0.906312 0.249997 20.062747 10.010648 0.101678 0.609893 0.906601 0.000004 -0.146357 0.000001 0.003743 2_
20.196317 0.249789 29.975843 1.994557 2.842608 17.363303 79.957705 0.905978 0.249998 20.044231 10.004878 0.101637 0.609810 0.906556 -0.000004 -0.146152 -0.000001 0.003803 2_
19.822067 0.250202 30.042477 1.989262 2.854132 17.230166 80.085284 0.906912 0.249999 20.032368 10.003450 0.101671 0.609938 0.906541 -0.000006 -0.144541 -0.000000 0.003860 2_
20.018815 0.250169 29.777305 2.000981 2.839560 17.099051 80.091488 0.906192 0.249996 20.000702 10.005234 0.101631 0.609796 0.906574 0.000008 -0.146288 -0.000012 0.003927 2_
20.074758 0.250016 30.197046 1.992115 2.762754 17.436507 79.824520 0.906286 0.250000 20.242504 10.003033 0.101704 0.609824 0.906595 0.000003 -0.145785 -0.000007 0.003978 2_
20.100804 0.250049 29.844844 1.976011 2.831608 16.868213 79.988067 0.906489 0.249998 20.145363 9.992673 0.101703 0.609869 0.906524 -0.000006 -0.145471 -0.000003 0.004053 2_
20.310227 0.250032 30.206286 2.009598 2.815180 17.139313 79.914454 0.906881 0.249998 20.261121 10.005447 0.101691 0.609888 0.906493 -0.000007 -0.146606 -0.000006 0.004104 2_
19.832284 0.249927 30.039748 1.993753 2.858137 17.174946 79.973180 0.906488 0.249999 19.534260 9.988585 0.101715 0.609828 0.906446 -0.000012 -0.145939 0.000002 0.004171 2_
20.101609 0.250018 29.943485 1.986411 2.827086 17.029021 79.696225 0.906542 0.249997 20.181894 10.005321 0.101660 0.609828 0.906513 -0.000011 -0.145229 -0.000005 0.004243 2_
19.941937 0.250154 29.983267 2.002505 2.828492 17.165184 80.116632 0.906840 0.250003 19.970457 9.989600 0.101728 0.609887 0.906613 -0.000001 -0.146308 -0.000003 0.004295 2_
20.035919 0.249866 29.999493 2.007654 2.819222 17.068344 79.966092 0.906890 0.250000 19.852792 9.993848 0.101671 0.609829 0.906548 -0.000008 -0.146547 0.000001 0.004365 2_
20.066868 0.249951 30.191314 2.001118 2.802178 17.251819 80.273205 0.906143 0.250000 19.847655 9.998073 0.101702 0.609891 0.906591 -0.000008 -0.146071 -0.000003 0.004427 2_
20.186365 0.249795 30.095235 1.999809 2.801360 17.159926 80.222168 0.906194 0.250001 19.913242 9.997076 0.101699 0.609789 0.906456 -0.000006 -0.146089 -0.000001 0.004480 2_
19.953259 0.250133 29.980596 2.002750 2.822932 17.059114 79.872068 0.906450 0.250001 20.109065 10.005861 0.101694 0.609898 0.906507 -0.000013 -0.146228 -0.000009 0.004556 2_
20.266942 0.250053 30.080842 2.000340 2.814591 17.288908 79.808886 0.906234 0.249997 20.074606 9.991010 0.101776 0.609907 0.906550 -0.000005 -0.146721 0.000004 0.004612 2_
20.057600 0.250219 30.116174 1.993139 2.811607 17.109909 79.843066 0.906399 0.250002 19.831299 9.986589 0.101651 0.609795 0.906591 -0.000007 -0.145536 -0.000004 0.004665 2_
20.198522 0.249937 30.151783 2.003244 2.831499 17.217139 79.875642 0.906788 0.249997 19.964795 10.002586 0.101658 0.609833 0.906512 -0.000010 -0.146619 -0.000003 0.004728 2_
20.128997 0.250048 30.082227 2.013176 2.849905 17.246373 79.885587 0.906547 0.249997 19.566748 10.004618 0.101722 0.609863 0.906455 -0.000016 -0.146561 -0.000008 0.004797 2_
19.677179 0.249956 29.823778 1.997345 2.848063 16.990212 80.092281 0.906803 0.250002 19.983011 9.988429 0.101684 0.609789 0.906589 -0.000007 -0.147056 -0.000005 0.004867 2_
19.905417 0.250146 29.948860 2.013137 2.828245 17.023880 80.065525 0.906710 0.250000 19.775054 9.996159 0.101795 0.609875 0.906535 -0.000005 -0.146248 -0.000005 0.004921 2_
19.680239 0.249960 30.088709 1.988760 2.803562 17.133058 79.895786 0.906318 0.249997 19.978119 10.007253 0.101599 0.609866 0.906515 -0.000013 -0.146394 -0.000003 0.004986 2_
